#1# (premiere ligne)
#2# ,1,2,3,4,5,6,7,8,9,10,11,12,13,14,15,16,17,18,19,20,21,22,23,24,
#3# ,11,17,20,24,25,
#4# ,11,13,14,15,17,20,21,25,26,-13-
#5# ,1,2,3,4,5,6,7,11,15,17,21,22,+1+
#6# ,7,11,12,15,17,18,19,22,23,/7/23/
#7# ,1,2,3,4,5,6,7,12,13,15,17,19,23,24,/4/
#8# ,7,13,15,17,19,24,
#9# ,1,6,7,8,9,10,11,15,18,19,21,22,23,24,/2/
#10# ,1,5,6,11,12,13,14,15,16,18,20,21,24,/18/-4-
#11# ,1,16,24,§16§
#12# ,1,10,11,12,13,14,15,16,18,19,20,21,24,
#13# ,1,2,3,4,5,6,7,8,9,13,21,23,24,25,26,27,
#14# ,1,9,11,12,13,14,15,19,21,24,27,
#15# ,1,3,5,6,7,8,9,11,13,15,17,18,19,20,21,24,27,
#16# ,1,3,5,9,11,13,16,17,21,24,27,
#17# ,1,3,4,9,11,13,16,21,23,24,27,28,-23-
#18# ,1,4,5,6,7,8,9,13,14,15,16,19,20,21,24,
#19# ,1,4,11,18,19,23,24,
#20# ,1,4,6,7,8,9,11,13,14,15,16,17,18,22,23,
#21# ,1,2,4,6,11,16,17,19,21,22,
#22# ,2,4,5,6,7,8,9,10,11,12,13,14,15,16,19,21,
#23# ,2,19,21,22,23,24,25,26,
#24# ,2,3,4,5,6,7,8,9,11,12,13,14,15,16,17,18,19,26,
#25# ,3,9,14,19,20,21,22,23,24,25,26,
#26# ,3,4,5,6,9,10,11,12,14,17,22,26,/26/
#27# ,3,12,13,14,16,17,18,19,20,21,22,26,/3/-20-
#28# ,26,
#29# ,26,!26!
#30# (derniere ligne)
,x, vide
+x+ arrivée
/x/ bonus
-x- piège
!x! clef
§x§ mur débloqué par la clef