#1# (premiere ligne)
#2# ,1,2,3,4,5,6,7,8,9,10,11,12,13,14,15,16,17,18,
#3# ,12,18,
#4# ,12,18,
#5# ,12,18,19,20,21,22,23,
#6# ,12,23,
#7# ,1,2,3,4,5,6,7,8,9,10,11,12,23,24,25,26,/27/	
#8# ,1,23,
#9# ,1,11,12,13,14,15,23,/16/
#10# ,1,10,11,13,23,
#11# ,1,3,4,5,6,7,8,9,10,13,-23-
#12# ,1,3,13,
#13# ,1,2,3,4,5,6,7,13,15,16,17,18,21,22,23,24,25,!19!
#14# ,7,13,15,21,25,
#15# /5/,7,15,21,25,
#16# ,5,7,15,17,18,19,20,21,22,25,
#17# ,5,7,15,17,22,25,
#18# ,5,7,15,17,22,23,24,25,
#19# ,5,7,8,9,10,11,12,13,14,15,16,17,22,
#20# ,5,22,
#21# ,5,,22,
#22# ,5,6,7,13,14,15,16,17,18,19,20,21,22,
#23# ,5,7,13,20,
#24# -5-,6,7,8,9,10,11,12,13,20,21,22,23,24,25,
#25# 22,25,26,27,-28-§13§
#26# ,13,
#27# ,13,14,15,16,17,18,19,20,21,27,28,+29+
#28# ,21,27,
#29# ,21,22,23,24,25,26,27,
#30# (dernière ligne)
,x, vide
+x+ arrivée
/x/ bonus
-x- piège
!x! clef
§x§ porte