#1# (premiere ligne)
#2# ,1,2,3,4,5,6,7,8,9,11,12,13,14,15,16,17,18,19,20,21,22,23,24,25,
#3# ,1,2,3,4,5,6,7,8,9,11,12,13,14,15,16,17,18,19,20,21,22,23,24,25,
#4# ,1,2,3,4,5,6,7,8,9,11,12,13,14,15,16,17,18,19,20,21,22,23,24,25,
#5# ,1,2,3,7,8,9,11,12,13,23,24,25,
#6# ,1,2,3,5,6,7,8,9,11,12,13,15,16,17,18,19,20,21,22,23,24,25,
#7# ,1,2,3,5,6,7,8,9,11,12,13,15,16,17,18,19,20,21,22,23,24,25,/15/
#8# ,1,2,3,5,6,7,8,9,11,12,13,15,16,17,18,19,20,21,22,23,24,25,/9/
#9# ,1,2,3,11,12,13,19,20,21,23,24,25,
#10# ,1,2,3,4,5,6,7,8,9,10,11,12,13,15,16,17,18,19,20,21,23,24,25,
#11# ,1,2,3,4,5,6,7,8,9,10,11,12,13,15,16,17,18,19,20,21,23,24,25,-17-
#12# ,1,2,3,4,5,6,7,8,9,10,11,12,13,15,16,17,18,19,20,21,23,24,25,
#13# ,19,20,21,23,24,25,
#14# ,19,20,21,23,24,25,
#15# ,2,3,4,5,6,7,8,9,10,11,12,13,14,15,16,17,18,19,20,21,22,23,24,25,-2-
#16# ,2,3,4,5,6,7,8,9,10,11,12,13,14,15,16,17,18,19,20,21,22,23,24,25,!2!
#17# ,2,3,4,5,6,7,8,9,10,11,12,13,14,15,16,17,18,19,20,21,22,23,24,25,/2/
#18# ,11,12,13,
#19# ,11,12,13,
#20# ,2,3,4,5,6,7,8,9,10,11,12,13,15,16,17,18,19,20,21,22,23,24,25,26,
#21# ,2,3,4,5,6,7,8,9,10,11,12,13,15,16,17,18,19,20,21,22,23,24,25,26,/21/-17-
#22# ,2,3,4,5,6,7,8,9,10,11,12,13,15,16,17,18,19,20,21,22,23,24,25,26,
#23# ,2,3,4,15,16,17,
#24# ,2,3,4,15,16,17,
#25# ,2,3,4,5,6,7,8,9,10,11,12,13,14,15,16,17,19,20,21,22,23,24,25,26,27,28,29,+29+
#26# ,2,3,4,5,6,7,8,9,10,11,12,13,14,15,16,17,§18§,19,20,21,22,23,24,25,26,27,28,29,+29+
#27# ,2,3,4,5,6,7,8,9,10,11,12,13,14,15,16,17,19,20,21,22,23,24,25,26,27,28,29,+29+
#28# 
#29#
#30# (dernière ligne)
,x, vide
+x+ arrivée
/x/ bonus
-x- piège
!x! clef
§x§ porte